tienda,pais,moneda,categoria,keyword_busqueda,producto,precio_raw,url_producto,fecha_extraccion
TecnoGame,Ecuador,USD,CPU,procesador,Procesador AMD ryzen 7-7800X3D 4.2GHz hasta 5GHz cache 96MB no inc.,$542.16,https://tecnogame.ec/?s=procesador&post_type=product#,2026-06-30 01:50:44
TecnoGame,Ecuador,USD,CPU,procesador,Procesador Intel Core i7-14700F Raptor Lake 2.10GHz hasta 5.40GHz cache 28MB,$516.98,https://tecnogame.ec/?s=procesador&post_type=product#,2026-06-30 01:50:44
TecnoGame,Ecuador,USD,CPU,procesador,Procesador AMD Ryzen 7 9700X 3.8GHz hasta 5.5GHz 32mb AM5 no,$467.11,https://tecnogame.ec/?s=procesador&post_type=product#,2026-06-30 01:50:44
TecnoGame,Ecuador,USD,CPU,procesador,Procesador Intel core ultra 9 285K 3.2GHz hasta 5.7GHz 40MB LGA1851,$860.16,https://tecnogame.ec/?s=procesador&post_type=product#,2026-06-30 01:50:44
TecnoGame,Ecuador,USD,CPU,procesador,Procesador Core i7 14700F 14va 20N+28H – Intel,$449.00 $429.00,https://tecnogame.ec/?s=procesador&post_type=product#,2026-06-30 01:50:44
TecnoGame,Ecuador,USD,CPU,procesador,Procesador Ryzen 3 3200G 4 Nucleos – AMD,$89.00,https://tecnogame.ec/?s=procesador&post_type=product#,2026-06-30 01:50:44
TecnoGame,Ecuador,USD,CPU,procesador,Procesador Intel Core I9-14900 Raptor Lake 4.30GHz hasta 5.4GHz cache 32MB,$857.12,https://tecnogame.ec/?s=procesador&post_type=product#,2026-06-30 01:50:44
TecnoGame,Ecuador,USD,CPU,procesador,Procesador Intel core ultra 7 265F 1.8GHz hasta 5.3GHz 36MB LGA1851,$490.70,https://tecnogame.ec/?s=procesador&post_type=product#,2026-06-30 01:50:44
TecnoGame,Ecuador,USD,CPU,procesador,Procesador AMD ryzen 9-7900X 4.7GHz hasta 5.6GHz cache 64MB no inc.,$530.90,https://tecnogame.ec/?s=procesador&post_type=product#,2026-06-30 01:50:44
TecnoGame,Ecuador,USD,CPU,procesador,Procesador Intel Core I9-14900F 4.3GHz hasta 5.80GHz cache 32MB Socket LGA1700,$745.91,https://tecnogame.ec/?s=procesador&post_type=product#,2026-06-30 01:50:44
TecnoGame,Ecuador,USD,CPU,procesador,Procesador AMD ryzen 7-7700X 4.5GHz hasta 5.4GHz cache 32MB no incluye,$437.97,https://tecnogame.ec/?s=procesador&post_type=product#,2026-06-30 01:50:44
TecnoGame,Ecuador,USD,CPU,procesador,Procesador Intel core ultra 5 235 2.9GHz hasta 5GHz 26MB LGA1851,$384.52,https://tecnogame.ec/?s=procesador&post_type=product#,2026-06-30 01:50:44
TecnoGame,Ecuador,USD,CPU,procesador,Procesador AMD Ryzen 9 9900X 4.4GHz hasta 5.6GHz 64mb AM5 no,$576.45,https://tecnogame.ec/page/2/?s=procesador&post_type=product#,2026-06-30 01:50:48
TecnoGame,Ecuador,USD,CPU,procesador,Procesador Ryzen 3 5300G 4.2Ghz – AMD,$145.00,https://tecnogame.ec/page/2/?s=procesador&post_type=product#,2026-06-30 01:50:48
TecnoGame,Ecuador,USD,CPU,procesador,Procesador Core i5 10600K 10TH 6N 12H – Intel,$205.00,https://tecnogame.ec/page/2/?s=procesador&post_type=product#,2026-06-30 01:50:48
TecnoGame,Ecuador,USD,CPU,procesador,Procesador Athlon 3000G Graficos Vega 3 – AMD,$79.00 $69.00,https://tecnogame.ec/page/2/?s=procesador&post_type=product#,2026-06-30 01:50:48
TecnoGame,Ecuador,USD,CPU,procesador,Procesador Core i7 12700F 12va Gen – Intel,$339.00,https://tecnogame.ec/page/2/?s=procesador&post_type=product#,2026-06-30 01:50:48
TecnoGame,Ecuador,USD,CPU,procesador,Procesador Ultra 5 225 Series 2 10N+10H – Intel,$249.00,https://tecnogame.ec/page/2/?s=procesador&post_type=product#,2026-06-30 01:50:48
TecnoGame,Ecuador,USD,CPU,procesador,Procesador Ryzen 5 3400G 4N + 8H – AMD,$109.00,https://tecnogame.ec/page/2/?s=procesador&post_type=product#,2026-06-30 01:50:48
TecnoGame,Ecuador,USD,CPU,procesador,"Procesador Ryzen 9 7900X, AM5 12N 24H – AMD",$459.00,https://tecnogame.ec/page/2/?s=procesador&post_type=product#,2026-06-30 01:50:48
TecnoGame,Ecuador,USD,CPU,procesador,Procesador Core i9 12900KS 12va 16N 24H – Intel,$429.00,https://tecnogame.ec/page/2/?s=procesador&post_type=product#,2026-06-30 01:50:48
TecnoGame,Ecuador,USD,CPU,procesador,"Procesador Ryzen 7 7800X3D, AM5 8N 16H – AMD",$499.00,https://tecnogame.ec/page/2/?s=procesador&post_type=product#,2026-06-30 01:50:48
TecnoGame,Ecuador,USD,CPU,procesador,"Procesador Ryzen 7 8700F, AM5 8N 16H – AMD",$299.00 $279.00,https://tecnogame.ec/page/2/?s=procesador&post_type=product#,2026-06-30 01:50:48
TecnoGame,Ecuador,USD,CPU,procesador,"Procesador Ryzen 9 5900XT, 16N+32H – AMD",$419.00 $389.00,https://tecnogame.ec/page/2/?s=procesador&post_type=product#,2026-06-30 01:50:48
TecnoGame,Ecuador,USD,CPU,procesador,Procesador Ultra 7 265KF Series 2 20N+20H – Intel,$459.00 $419.00,https://tecnogame.ec/page/3/?s=procesador&post_type=product#,2026-06-30 01:50:53
TecnoGame,Ecuador,USD,CPU,procesador,"Procesador Ryzen 5 9600X, AM5 6N 12H – AMD",$275.00,https://tecnogame.ec/page/3/?s=procesador&post_type=product#,2026-06-30 01:50:53
TecnoGame,Ecuador,USD,CPU,procesador,"Procesador Ryzen 7 9700X, AM5 8N 16H – AMD",$425.00,https://tecnogame.ec/page/3/?s=procesador&post_type=product#,2026-06-30 01:50:53
TecnoGame,Ecuador,USD,CPU,procesador,"Procesador Ryzen 7 5800XT, 8N+16H – AMD",$299.00,https://tecnogame.ec/page/3/?s=procesador&post_type=product#,2026-06-30 01:50:53
TecnoGame,Ecuador,USD,CPU,procesador,Procesador Ultra 7 265K Series 2 20N+20H – Intel,$459.00,https://tecnogame.ec/page/3/?s=procesador&post_type=product#,2026-06-30 01:50:53
TecnoGame,Ecuador,USD,CPU,procesador,"Procesador Ryzen 7 5700, 8N+16H – AMD",$225.00,https://tecnogame.ec/page/3/?s=procesador&post_type=product#,2026-06-30 01:50:53
TecnoGame,Ecuador,USD,CPU,procesador,"Procesador Ryzen 7 8700G, AM5 8N 16H, Gráficos 780M – AMD",$299.00,https://tecnogame.ec/page/3/?s=procesador&post_type=product#,2026-06-30 01:50:53
TecnoGame,Ecuador,USD,CPU,procesador,Procesador Ryzen 5 5600XT 6N+12H – Amd,$199.00,https://tecnogame.ec/page/3/?s=procesador&post_type=product#,2026-06-30 01:50:53
TecnoGame,Ecuador,USD,CPU,procesador,"Procesador Ryzen 5 8400F, AM5 6N 12H – AMD",$209.00,https://tecnogame.ec/page/3/?s=procesador&post_type=product#,2026-06-30 01:50:53
TecnoGame,Ecuador,USD,CPU,procesador,Procesador Core i9 12900KF 12va 16N 24H – Intel,$399.00,https://tecnogame.ec/page/3/?s=procesador&post_type=product#,2026-06-30 01:50:53
TecnoGame,Ecuador,USD,CPU,procesador,Procesador Intel Core i5 12400F 12va Gen – Intel,$215.00,https://tecnogame.ec/page/3/?s=procesador&post_type=product#,2026-06-30 01:50:53
TecnoGame,Ecuador,USD,CPU,procesador,Procesador Core i3 12100F 12va Gen – Intel,$125.00,https://tecnogame.ec/page/3/?s=procesador&post_type=product#,2026-06-30 01:50:53
TecnoGame,Ecuador,USD,GPU,tarjeta de video,Tarjeta de video MSI GeForce GT710 2GD3H 2GB low profile DDR3,$83.45,https://tecnogame.ec/?s=tarjeta+de+video&post_type=product#,2026-06-30 01:51:02
TecnoGame,Ecuador,USD,GPU,tarjeta de video,Tarjeta de video MSI GeForce RTX5050 8G Shadow 2X OC 1,$430.81,https://tecnogame.ec/?s=tarjeta+de+video&post_type=product#,2026-06-30 01:51:02
TecnoGame,Ecuador,USD,GPU,tarjeta de video,Tarjeta de video MSI GeForce RTX5060 8G Cyclone OC 1 HDMI,$510.23,https://tecnogame.ec/?s=tarjeta+de+video&post_type=product#,2026-06-30 01:51:02
TecnoGame,Ecuador,USD,GPU,tarjeta de video,Tarjeta de video Gigabyte Radeon™ RX 9070 GAMING OC 16G GDDR6X,"$1,065.93",https://tecnogame.ec/?s=tarjeta+de+video&post_type=product#,2026-06-30 01:51:02
TecnoGame,Ecuador,USD,GPU,tarjeta de video,Tarjeta de video Gigabyte Aorus Radeon RX 9070 XT ELITE 16G,"$1,235.44",https://tecnogame.ec/?s=tarjeta+de+video&post_type=product#,2026-06-30 01:51:02
TecnoGame,Ecuador,USD,GPU,tarjeta de video,Tarjeta Gráfica Nvidia Rtx 5060 8Gb Gddr7 – Msi Cyclone,$499.00,https://tecnogame.ec/?s=tarjeta+de+video&post_type=product#,2026-06-30 01:51:02
TecnoGame,Ecuador,USD,GPU,tarjeta de video,Tarjeta Gráfica Amd Rx 7600 XT 16Gb Gddr6 3F – Gigabyte Gaming OC,$549.00,https://tecnogame.ec/?s=tarjeta+de+video&post_type=product#,2026-06-30 01:51:02
TecnoGame,Ecuador,USD,GPU,tarjeta de video,Tarjeta Gráfica Nvidia Gtx 1650 4GB Gddr6 – Arktek,$248.00,https://tecnogame.ec/page/2/?s=tarjeta+de+video&post_type=product#,2026-06-30 01:51:07
TecnoGame,Ecuador,USD,GPU,tarjeta de video,Tarjeta Gráfica Nvidia GTX 1050TI 4gb Gddr5 – Arktek,$199.00,https://tecnogame.ec/page/2/?s=tarjeta+de+video&post_type=product#,2026-06-30 01:51:07
TecnoGame,Ecuador,USD,GPU,tarjeta de video,Adap. Wifi PCI E 300Mbps Tarjeta de Red – D-Link DWA-548,$20.00,https://tecnogame.ec/page/3/?s=tarjeta+de+video&post_type=product#,2026-06-30 01:51:12
TecnoGame,Ecuador,USD,GPU,tarjeta de video,Tarjeta Gráfica Amd Rx 9060 XT 8Gb Gddr6 3F – Gigabyte Gaming OC,$469.00,https://tecnogame.ec/page/3/?s=tarjeta+de+video&post_type=product#,2026-06-30 01:51:12
TecnoGame,Ecuador,USD,RAM,memoria ram,Memoria ram Acer UD100 8GB DDR4 3200MHz CL22 para pc,$144.17,https://tecnogame.ec/?s=memoria+ram&post_type=product#,2026-06-30 01:51:20
TecnoGame,Ecuador,USD,RAM,memoria ram,Memoria ram Kingston 8GB DDR4 3200MHz CL22 para pc,$107.54,https://tecnogame.ec/?s=memoria+ram&post_type=product#,2026-06-30 01:51:20
TecnoGame,Ecuador,USD,RAM,memoria ram,Memoria ram Patriot 8GB DDR4 3200MHz CL22 para pc,$128.82,https://tecnogame.ec/?s=memoria+ram&post_type=product#,2026-06-30 01:51:20
TecnoGame,Ecuador,USD,RAM,memoria ram,Memoria ram Acer 16GB DDR4 3200MHz CL22 para pc,$260.18,https://tecnogame.ec/?s=memoria+ram&post_type=product#,2026-06-30 01:51:20
TecnoGame,Ecuador,USD,RAM,memoria ram,Memoria ram Adata 8gb DDR5 5600Mhz CL45 para pc 1.1v,$182.77,https://tecnogame.ec/?s=memoria+ram&post_type=product#,2026-06-30 01:51:20
TecnoGame,Ecuador,USD,RAM,memoria ram,Memoria ram Kingston 16GB DDR4 3200Mhz CL22 para notebook,$197.17,https://tecnogame.ec/?s=memoria+ram&post_type=product#,2026-06-30 01:51:20
TecnoGame,Ecuador,USD,RAM,memoria ram,"Pc Gamer Intel Core i9 12900, Ram 64GB, Ssd 2TB, Nvidia Rtx 4070 12Gb","$2,461.00",https://tecnogame.ec/?s=memoria+ram&post_type=product#,2026-06-30 01:51:20
TecnoGame,Ecuador,USD,RAM,memoria ram,"PC Gamer Intel Core i3 10105F, Ram 16Gb, Ssd 512Gb, Gráfica Gtx 1050 TI 4GB GDDR5",$797.00 $773.09,https://tecnogame.ec/?s=memoria+ram&post_type=product#,2026-06-30 01:51:20
TecnoGame,Ecuador,USD,RAM,memoria ram,"PC Gamer Intel Core i3 12va Gen, Ram 16Gb, Ssd 512Gb, Gráfica RX 6500 XT 4GB",$856.00,https://tecnogame.ec/?s=memoria+ram&post_type=product#,2026-06-30 01:51:20
TecnoGame,Ecuador,USD,RAM,memoria ram,"PC Gamer Intel Core i5 12va 14va Gen, Ram 16Gb, Ssd 512Gb, Gráfica Rtx 5050 8Gb","$1,121.00",https://tecnogame.ec/?s=memoria+ram&post_type=product#,2026-06-30 01:51:20
TecnoGame,Ecuador,USD,RAM,memoria ram,"Pc Gamer Ryzen 5, Ram 16GB, Ssd 512GB, Gráfica Rx 9060 XT","$1,094.00",https://tecnogame.ec/?s=memoria+ram&post_type=product#,2026-06-30 01:51:20
TecnoGame,Ecuador,USD,RAM,memoria ram,"Cpu Intel Core i5 12va 14va, Ram 16Gb, Ssd 512Gb, Periféricos",$695.00,https://tecnogame.ec/?s=memoria+ram&post_type=product#,2026-06-30 01:51:20
TecnoGame,Ecuador,USD,RAM,memoria ram,"PC Gamer Intel Core i5 12va 14va Gen, Ram 16Gb, Ssd 512Gb, Gráfica Rx 7600 8GB","$1,082.00",https://tecnogame.ec/page/2/?s=memoria+ram&post_type=product#,2026-06-30 01:51:24
TecnoGame,Ecuador,USD,RAM,memoria ram,"PC Gamer Intel Core i5 12va 14va Gen, Ram 16Gb, Ssd 512Gb, Gráfica Rtx 5060 8Gb","$1,213.00",https://tecnogame.ec/page/2/?s=memoria+ram&post_type=product#,2026-06-30 01:51:24
TecnoGame,Ecuador,USD,RAM,memoria ram,"Laptop 15.6″ Fhd, Ryzen 7 5825U, Ram 24GB, Ssd 1TB – Asus M1502YA",$899.00 $859.00,https://tecnogame.ec/page/2/?s=memoria+ram&post_type=product#,2026-06-30 01:51:24
TecnoGame,Ecuador,USD,RAM,memoria ram,"Cpu Gamer Ryzen 3, Ram 16Gb, Ssd 512Gb, Gráfica Gtx 1050 4GB",$766.00 $743.02,https://tecnogame.ec/page/2/?s=memoria+ram&post_type=product#,2026-06-30 01:51:24
TecnoGame,Ecuador,USD,RAM,memoria ram,"Cpu Gamer Ryzen 5, Ram 16Gb, Ssd 512Gb, Gráfica Gtx 1050 4GB",$786.00,https://tecnogame.ec/page/2/?s=memoria+ram&post_type=product#,2026-06-30 01:51:24
TecnoGame,Ecuador,USD,RAM,memoria ram,"Cpu Gamer Ryzen 5, Ram 16GB, Ssd 512GB, Gráfica Rtx 5050 8GB, Perifericos","$1,058.00",https://tecnogame.ec/page/2/?s=memoria+ram&post_type=product#,2026-06-30 01:51:24
TecnoGame,Ecuador,USD,RAM,memoria ram,"PC Gamer Intel Core i5 12va 14va Gen, Ram 16Gb, Ssd 512Gb, Gráfica Rtx 3050",$991.00,https://tecnogame.ec/page/2/?s=memoria+ram&post_type=product#,2026-06-30 01:51:24
TecnoGame,Ecuador,USD,RAM,memoria ram,"Cpu Gamer Ryzen 5, Ram 16Gb, Ssd 512Gb, Gráfica Rtx 3050",$881.00,https://tecnogame.ec/page/2/?s=memoria+ram&post_type=product#,2026-06-30 01:51:24
TecnoGame,Ecuador,USD,RAM,memoria ram,"Cpu Amd Atlhon 3000g, 2Gb Gráficos, Ram 8GB, SSD 256GB",$371.00,https://tecnogame.ec/page/2/?s=memoria+ram&post_type=product#,2026-06-30 01:51:24
TecnoGame,Ecuador,USD,RAM,memoria ram,"Cpu Gamer Amd Ryzen 7 5700G, Gráficos 2Gb, Ram 16Gb, Ssd 512GB, Fuente 80+",$713.00,https://tecnogame.ec/page/2/?s=memoria+ram&post_type=product#,2026-06-30 01:51:24
TecnoGame,Ecuador,USD,RAM,memoria ram,"Cpu Gamer Ryzen 5, Ram 16Gb, Ssd 512Gb, Gráfica RX 7600 8GB","$1,019.00",https://tecnogame.ec/page/2/?s=memoria+ram&post_type=product#,2026-06-30 01:51:24
TecnoGame,Ecuador,USD,RAM,memoria ram,"Cpu Gamer Core Ultra 7, Ram 32GB, Ssd 2TB, Nvidia Rtx 5070 12Gb","$2,138.00",https://tecnogame.ec/page/2/?s=memoria+ram&post_type=product#,2026-06-30 01:51:24
TecnoGame,Ecuador,USD,RAM,memoria ram,"Cpu Gamer Ryzen 7, Ram 16GB, Ssd 512GB, Gráfica Rx 9060 XT","$1,229.00",https://tecnogame.ec/page/3/?s=memoria+ram&post_type=product#,2026-06-30 01:51:29
TecnoGame,Ecuador,USD,RAM,memoria ram,"Cpu Gamer Ryzen 7, Ram 16GB, Ssd 1TB, Nvidia Rtx 5070 12Gb","$1,799.00",https://tecnogame.ec/page/3/?s=memoria+ram&post_type=product#,2026-06-30 01:51:29
TecnoGame,Ecuador,USD,RAM,memoria ram,"Cpu Gamer Ryzen 7, Ram 16GB, Ssd 1TB, Nvidia Rtx 5060 8Gb","$1,343.00",https://tecnogame.ec/page/3/?s=memoria+ram&post_type=product#,2026-06-30 01:51:29
TecnoGame,Ecuador,USD,RAM,memoria ram,"Cpu Gamer Ryzen 7, Ram 16GB, Ssd 1TB, Gráfica RX 7600 8GB","$1,219.00",https://tecnogame.ec/page/3/?s=memoria+ram&post_type=product#,2026-06-30 01:51:29
TecnoGame,Ecuador,USD,RAM,memoria ram,"Cpu Gamer Ryzen 5 AM5, Graficos AMD, Ram 16Gb Ddr5, Ssd 512Gb",$737.00,https://tecnogame.ec/page/3/?s=memoria+ram&post_type=product#,2026-06-30 01:51:29
TecnoGame,Ecuador,USD,RAM,memoria ram,"Cpu Gamer Amd Ryzen 5 Am4 Gráficos 2Gb, Ram 16Gb, Ssd 512GB, Fuente 80+",$583.00,https://tecnogame.ec/page/3/?s=memoria+ram&post_type=product#,2026-06-30 01:51:29
TecnoGame,Ecuador,USD,RAM,memoria ram,"CPU Gamer Ryzen 3 AM4 2Gb Gráficos, Ram 8GB, SSD 256GB",$395.00,https://tecnogame.ec/page/3/?s=memoria+ram&post_type=product#,2026-06-30 01:51:29
TecnoGame,Ecuador,USD,RAM,memoria ram,"Laptop 15.6″ Ryzen 5 7520u, Ram 16GB, Ssd 512Gb – HP 15-FC0256LA",$699.00 $679.00,https://tecnogame.ec/page/3/?s=memoria+ram&post_type=product#,2026-06-30 01:51:29
TecnoGame,Ecuador,USD,RAM,memoria ram,"Ram Gamer Ddr5, 16Gb, 5600, Dimm, Cl40, RGB – Kingston Fury",$289.00,https://tecnogame.ec/page/3/?s=memoria+ram&post_type=product#,2026-06-30 01:51:29
TecnoGame,Ecuador,USD,RAM,memoria ram,"Ram Ddr4, 16Gb, 3200, So-Dimm – Kingston",$199.00,https://tecnogame.ec/page/3/?s=memoria+ram&post_type=product#,2026-06-30 01:51:29
TecnoGame,Ecuador,USD,RAM,memoria ram,"Laptop 15.6″ Fhd, Core i5 12va, Ram 8Gb, Ssd 256Gb – Lenovo 15IAH8",$575.00,https://tecnogame.ec/page/3/?s=memoria+ram&post_type=product#,2026-06-30 01:51:29
TecnoGame,Ecuador,USD,RAM,memoria ram,Lector de Memorias Interno para Mainboard – Universal,$7.00,https://tecnogame.ec/page/3/?s=memoria+ram&post_type=product#,2026-06-30 01:51:29
TecnoGame,Ecuador,USD,SSD,disco solido ssd,"Pc Gamer Intel Core i9 12900, Ram 64GB, Ssd 2TB, Nvidia Rtx 4070 12Gb","$2,461.00",https://tecnogame.ec/?s=disco+solido+ssd&post_type=product#,2026-06-30 01:51:40
TecnoGame,Ecuador,USD,SSD,disco solido ssd,"PC Gamer Intel Core i3 10105F, Ram 16Gb, Ssd 512Gb, Gráfica Gtx 1050 TI 4GB GDDR5",$797.00 $773.09,https://tecnogame.ec/?s=disco+solido+ssd&post_type=product#,2026-06-30 01:51:40
TecnoGame,Ecuador,USD,SSD,disco solido ssd,"PC Gamer Intel Core i3 12va Gen, Ram 16Gb, Ssd 512Gb, Gráfica RX 6500 XT 4GB",$856.00,https://tecnogame.ec/?s=disco+solido+ssd&post_type=product#,2026-06-30 01:51:40
TecnoGame,Ecuador,USD,SSD,disco solido ssd,"PC Gamer Intel Core i5 12va 14va Gen, Ram 16Gb, Ssd 512Gb, Gráfica Rtx 5050 8Gb","$1,121.00",https://tecnogame.ec/?s=disco+solido+ssd&post_type=product#,2026-06-30 01:51:40
TecnoGame,Ecuador,USD,SSD,disco solido ssd,"Pc Gamer Ryzen 5, Ram 16GB, Ssd 512GB, Gráfica Rx 9060 XT","$1,094.00",https://tecnogame.ec/?s=disco+solido+ssd&post_type=product#,2026-06-30 01:51:40
TecnoGame,Ecuador,USD,SSD,disco solido ssd,"Cpu Intel Core i5 12va 14va, Ram 16Gb, Ssd 512Gb, Periféricos",$695.00,https://tecnogame.ec/?s=disco+solido+ssd&post_type=product#,2026-06-30 01:51:40
TecnoGame,Ecuador,USD,SSD,disco solido ssd,"PC Gamer Intel Core i5 12va 14va Gen, Ram 16Gb, Ssd 512Gb, Gráfica Rx 7600 8GB","$1,082.00",https://tecnogame.ec/?s=disco+solido+ssd&post_type=product#,2026-06-30 01:51:40
TecnoGame,Ecuador,USD,SSD,disco solido ssd,"PC Gamer Intel Core i5 12va 14va Gen, Ram 16Gb, Ssd 512Gb, Gráfica Rtx 5060 8Gb","$1,213.00",https://tecnogame.ec/?s=disco+solido+ssd&post_type=product#,2026-06-30 01:51:40
TecnoGame,Ecuador,USD,SSD,disco solido ssd,"Laptop 15.6″ Fhd, Ryzen 7 5825U, Ram 24GB, Ssd 1TB – Asus M1502YA",$899.00 $859.00,https://tecnogame.ec/?s=disco+solido+ssd&post_type=product#,2026-06-30 01:51:40
TecnoGame,Ecuador,USD,SSD,disco solido ssd,"Cpu Gamer Ryzen 3, Ram 16Gb, Ssd 512Gb, Gráfica Gtx 1050 4GB",$766.00 $743.02,https://tecnogame.ec/?s=disco+solido+ssd&post_type=product#,2026-06-30 01:51:40
TecnoGame,Ecuador,USD,SSD,disco solido ssd,"Cpu Gamer Ryzen 5, Ram 16Gb, Ssd 512Gb, Gráfica Gtx 1050 4GB",$786.00,https://tecnogame.ec/?s=disco+solido+ssd&post_type=product#,2026-06-30 01:51:40
TecnoGame,Ecuador,USD,SSD,disco solido ssd,"Cpu Gamer Ryzen 5, Ram 16GB, Ssd 512GB, Gráfica Rtx 5050 8GB, Perifericos","$1,058.00",https://tecnogame.ec/?s=disco+solido+ssd&post_type=product#,2026-06-30 01:51:40
TecnoGame,Ecuador,USD,SSD,disco solido ssd,"PC Gamer Intel Core i5 12va 14va Gen, Ram 16Gb, Ssd 512Gb, Gráfica Rtx 3050",$991.00,https://tecnogame.ec/page/2/?s=disco+solido+ssd&post_type=product#,2026-06-30 01:51:45
TecnoGame,Ecuador,USD,SSD,disco solido ssd,"Cpu Gamer Ryzen 5, Ram 16Gb, Ssd 512Gb, Gráfica Rtx 3050",$881.00,https://tecnogame.ec/page/2/?s=disco+solido+ssd&post_type=product#,2026-06-30 01:51:45
TecnoGame,Ecuador,USD,SSD,disco solido ssd,"Cpu Amd Atlhon 3000g, 2Gb Gráficos, Ram 8GB, SSD 256GB",$371.00,https://tecnogame.ec/page/2/?s=disco+solido+ssd&post_type=product#,2026-06-30 01:51:45
TecnoGame,Ecuador,USD,SSD,disco solido ssd,"Cpu Gamer Amd Ryzen 7 5700G, Gráficos 2Gb, Ram 16Gb, Ssd 512GB, Fuente 80+",$713.00,https://tecnogame.ec/page/2/?s=disco+solido+ssd&post_type=product#,2026-06-30 01:51:45
TecnoGame,Ecuador,USD,SSD,disco solido ssd,"Cpu Gamer Ryzen 5, Ram 16Gb, Ssd 512Gb, Gráfica RX 7600 8GB","$1,019.00",https://tecnogame.ec/page/2/?s=disco+solido+ssd&post_type=product#,2026-06-30 01:51:45
TecnoGame,Ecuador,USD,SSD,disco solido ssd,"Cpu Gamer Core Ultra 7, Ram 32GB, Ssd 2TB, Nvidia Rtx 5070 12Gb","$2,138.00",https://tecnogame.ec/page/2/?s=disco+solido+ssd&post_type=product#,2026-06-30 01:51:45
TecnoGame,Ecuador,USD,SSD,disco solido ssd,"Cpu Gamer Ryzen 7, Ram 16GB, Ssd 512GB, Gráfica Rx 9060 XT","$1,229.00",https://tecnogame.ec/page/2/?s=disco+solido+ssd&post_type=product#,2026-06-30 01:51:45
TecnoGame,Ecuador,USD,SSD,disco solido ssd,"Cpu Gamer Ryzen 7, Ram 16GB, Ssd 1TB, Nvidia Rtx 5070 12Gb","$1,799.00",https://tecnogame.ec/page/2/?s=disco+solido+ssd&post_type=product#,2026-06-30 01:51:45
TecnoGame,Ecuador,USD,SSD,disco solido ssd,"Cpu Gamer Ryzen 7, Ram 16GB, Ssd 1TB, Nvidia Rtx 5060 8Gb","$1,343.00",https://tecnogame.ec/page/2/?s=disco+solido+ssd&post_type=product#,2026-06-30 01:51:46
TecnoGame,Ecuador,USD,SSD,disco solido ssd,"Cpu Gamer Ryzen 7, Ram 16GB, Ssd 1TB, Gráfica RX 7600 8GB","$1,219.00",https://tecnogame.ec/page/2/?s=disco+solido+ssd&post_type=product#,2026-06-30 01:51:46
TecnoGame,Ecuador,USD,SSD,disco solido ssd,"Cpu Gamer Ryzen 5 AM5, Graficos AMD, Ram 16Gb Ddr5, Ssd 512Gb",$737.00,https://tecnogame.ec/page/2/?s=disco+solido+ssd&post_type=product#,2026-06-30 01:51:46
TecnoGame,Ecuador,USD,SSD,disco solido ssd,"Cpu Gamer Amd Ryzen 5 Am4 Gráficos 2Gb, Ram 16Gb, Ssd 512GB, Fuente 80+",$583.00,https://tecnogame.ec/page/2/?s=disco+solido+ssd&post_type=product#,2026-06-30 01:51:46
TecnoGame,Ecuador,USD,SSD,disco solido ssd,"CPU Gamer Ryzen 3 AM4 2Gb Gráficos, Ram 8GB, SSD 256GB",$395.00,https://tecnogame.ec/page/3/?s=disco+solido+ssd&post_type=product#,2026-06-30 01:51:50
TecnoGame,Ecuador,USD,SSD,disco solido ssd,Unidad Estado Sólido SSD Sata III 512Gb – Dato DS700,$109.00,https://tecnogame.ec/page/3/?s=disco+solido+ssd&post_type=product#,2026-06-30 01:51:51
TecnoGame,Ecuador,USD,SSD,disco solido ssd,"Laptop 15.6″ Ryzen 5 7520u, Ram 16GB, Ssd 512Gb – HP 15-FC0256LA",$699.00 $679.00,https://tecnogame.ec/page/3/?s=disco+solido+ssd&post_type=product#,2026-06-30 01:51:51
TecnoGame,Ecuador,USD,SSD,disco solido ssd,Unidad Estado Solido Ssd 2.5″ 480GB Sata III – HP S650,$116.00,https://tecnogame.ec/page/3/?s=disco+solido+ssd&post_type=product#,2026-06-30 01:51:51
TecnoGame,Ecuador,USD,SSD,disco solido ssd,"Laptop 15.6″ Fhd, Core i5 12va, Ram 8Gb, Ssd 256Gb – Lenovo 15IAH8",$575.00,https://tecnogame.ec/page/3/?s=disco+solido+ssd&post_type=product#,2026-06-30 01:51:51
TecnoGame,Ecuador,USD,SSD,disco solido ssd,Unidad Estado Solido Ssd 2.5″ 240GB Sata III – Adata SU650,$85.00,https://tecnogame.ec/page/3/?s=disco+solido+ssd&post_type=product#,2026-06-30 01:51:51
TecnoGame,Ecuador,USD,SSD,disco solido ssd,Unidad Estado Sólido Ssd 2.5″ Sata III 256GB – Indilinx IND-S325S,$84.00,https://tecnogame.ec/page/3/?s=disco+solido+ssd&post_type=product#,2026-06-30 01:51:51
TecnoGame,Ecuador,USD,SSD,disco solido ssd,Unidad Estado Sólido Ssd 2.5″ Sata III 128Gb – Indilinx IND-S325S,$49.00,https://tecnogame.ec/page/3/?s=disco+solido+ssd&post_type=product#,2026-06-30 01:51:51
TecnoGame,Ecuador,USD,SSD,disco solido ssd,Unidad Estado Sólido SSD 2.5″ Sata III 960GB – Msi S270,$199.00 $189.00,https://tecnogame.ec/page/3/?s=disco+solido+ssd&post_type=product#,2026-06-30 01:51:51
TecnoGame,Ecuador,USD,SSD,disco solido ssd,"Laptop 15,6″ Fhd, i5 12va, Ram 16GB Ddr5, Ssd 512Gb Celeste – Lenovo 15IAH8",$729.00,https://tecnogame.ec/page/3/?s=disco+solido+ssd&post_type=product#,2026-06-30 01:51:51
TecnoGame,Ecuador,USD,SSD,disco solido ssd,"Laptop 15″ Fhd 144Hz, Ryzen 7 7735HS, Ram 16Gb Ddr5, Ssd 512Gb, Rtx 3050 – Msi Thin A15 B7UC","$1,149.00",https://tecnogame.ec/page/3/?s=disco+solido+ssd&post_type=product#,2026-06-30 01:51:51
TecnoGame,Ecuador,USD,SSD,disco solido ssd,"Laptop 15.6″ Fhd, Core i5 13420H, Ram 8Gb Ddr5, Ssd 512Gb – Lenovo V15 G5",$659.00,https://tecnogame.ec/page/3/?s=disco+solido+ssd&post_type=product#,2026-06-30 01:51:51
TecnoGame,Ecuador,USD,Monitor,monitor,"Monitor 25″ Fhd, IPS, Adaptive Sync, 1ms, 200Hz – Gigabyte GS25F2",$249.00 $235.00,https://tecnogame.ec/?s=monitor&post_type=product#,2026-06-30 01:51:59
TecnoGame,Ecuador,USD,Monitor,monitor,"Monitor 27″ 2K, IPS, Adaptive Sync, 1ms, 180Hz – Gigabyte GS27QA",$319.00,https://tecnogame.ec/?s=monitor&post_type=product#,2026-06-30 01:51:59
TecnoGame,Ecuador,USD,Monitor,monitor,"Monitor 27″ Fhd, Ips, Adaptive Sync, 144hz, 1ms – LG 27G411A-B",$215.00,https://tecnogame.ec/?s=monitor&post_type=product#,2026-06-30 01:51:59
TecnoGame,Ecuador,USD,Monitor,monitor,"Monitor 20″ HD+, 1440×900, Hdmi, Vga – One J019",$79.00 $69.00,https://tecnogame.ec/?s=monitor&post_type=product#,2026-06-30 01:51:59
TecnoGame,Ecuador,USD,Monitor,monitor,"Monitor 34″ 3440×1440, 120Hz, 1ms, Adaptive Sync, UltraWide – Gigabyte GS34WQCA",$549.00,https://tecnogame.ec/?s=monitor&post_type=product#,2026-06-30 01:51:59
TecnoGame,Ecuador,USD,Monitor,monitor,"Monitor 25″ FHD Ips 120Hz, DP, Hdmi – Indurama Vortix Nova",$155.00,https://tecnogame.ec/?s=monitor&post_type=product#,2026-06-30 01:51:59
TecnoGame,Ecuador,USD,Monitor,monitor,"Monitor 25″ Fhd, IPS, Adaptive Sync, 1ms, 240Hz – Gigabyte GS25F2A",$259.00,https://tecnogame.ec/?s=monitor&post_type=product#,2026-06-30 01:51:59
TecnoGame,Ecuador,USD,Monitor,monitor,"Monitor 24″ Fhd, IPS, Adaptive Sync, 1ms, 144Hz – Gigabyte GS24F14",$209.00,https://tecnogame.ec/?s=monitor&post_type=product#,2026-06-30 01:51:59
TecnoGame,Ecuador,USD,Monitor,monitor,"Monitor 24″ Fhd, Ips, Adaptive Sync, 120hz, 1ms – Asus VA249HG",$265.00,https://tecnogame.ec/?s=monitor&post_type=product#,2026-06-30 01:51:59
TecnoGame,Ecuador,USD,Monitor,monitor,"Monitor 22″ Fhd, 120Hz, Adaptive Sync, Hdmi, Dp – Armaggeddon Pixxel PF22HD Super WH",$159.00,https://tecnogame.ec/?s=monitor&post_type=product#,2026-06-30 01:51:59
TecnoGame,Ecuador,USD,Monitor,monitor,Monitor MSI gamer MAG 272QP QD-OLED X50 26.5″ QD-Oled WQHD 500Hz,"$1,194.26",https://tecnogame.ec/?s=monitor&post_type=product#,2026-06-30 01:51:59
TecnoGame,Ecuador,USD,Monitor,monitor,Monitor Asrock gamer PG27FFX2A 27 inch LED IPS FHD (1920 x,$928.00,https://tecnogame.ec/?s=monitor&post_type=product#,2026-06-30 01:52:00
TecnoGame,Ecuador,USD,Monitor,monitor,Monitor BenQ gamer Zowie XL2731K 27 inch FHD 165Hz 1ms HDMI-DisplayPort,$609.07,https://tecnogame.ec/page/2/?s=monitor&post_type=product#,2026-06-30 01:52:03
TecnoGame,Ecuador,USD,Monitor,monitor,"Monitor 25″ Fhd, IPS, Adaptive Sync, 0.5ms, 240Hz – Msi Mag 245F X24",$269.00,https://tecnogame.ec/page/2/?s=monitor&post_type=product#,2026-06-30 01:52:03
TecnoGame,Ecuador,USD,Monitor,monitor,"Monitor 24″ FHD, 100Hz, Hdmi, Vga – Xtratech XTM24",$149.00,https://tecnogame.ec/page/2/?s=monitor&post_type=product#,2026-06-30 01:52:03
TecnoGame,Ecuador,USD,Monitor,monitor,"Monitor 24″ Fhd, Ips, 200hz, 1 ms, Adaptive Sync – Xiaomi G24i 2026",$255.00,https://tecnogame.ec/page/2/?s=monitor&post_type=product#,2026-06-30 01:52:03
TecnoGame,Ecuador,USD,Monitor,monitor,"Monitor 24″ Fhd, Ips, Adaptive Sync, 144hz, 1ms – LG 24G411A-B",$194.00,https://tecnogame.ec/page/2/?s=monitor&post_type=product#,2026-06-30 01:52:03
TecnoGame,Ecuador,USD,Monitor,monitor,"Monitor 27″ 2K 2560 x 1440, Curvo, Adaptive Sync, 1ms, 165Hz – Samsung Odyssey G5 G55C",$355.00,https://tecnogame.ec/page/2/?s=monitor&post_type=product#,2026-06-30 01:52:03
TecnoGame,Ecuador,USD,Monitor,monitor,"Monitor 20″ HD+ 1600×900, 75Hz, Hdmi – LG 20U401A-B",$98.00,https://tecnogame.ec/page/2/?s=monitor&post_type=product#,2026-06-30 01:52:03
TecnoGame,Ecuador,USD,Monitor,monitor,"Monitor 25″ FHD, Adaptive Sync, 240Hz, 0.3ms – Asus Tuf VG259QM5A",$275.00,https://tecnogame.ec/page/2/?s=monitor&post_type=product#,2026-06-30 01:52:03
TecnoGame,Ecuador,USD,Monitor,monitor,"Monitor 27″ 2K Ips, 100Hz, Adaptive Sync, Hdmi, Dp – Armaggeddon XF27QHD",$259.00,https://tecnogame.ec/page/2/?s=monitor&post_type=product#,2026-06-30 01:52:03
TecnoGame,Ecuador,USD,Monitor,monitor,"Monitor 24″ Fhd Gamer, 200hz, 1ms, Rgb, Dp, Hdmi – ENV 1887",$195.00,https://tecnogame.ec/page/2/?s=monitor&post_type=product#,2026-06-30 01:52:03
TecnoGame,Ecuador,USD,Monitor,monitor,"Monitor 24″ Fhd Ips, 180hz, 1ms – ENV 3524",$185.00,https://tecnogame.ec/page/2/?s=monitor&post_type=product#,2026-06-30 01:52:03
TecnoGame,Ecuador,USD,Monitor,monitor,"Monitor 24″ Fhd Ips, 120Hz, Adaptive Sync, Hdmi, Dp – Armaggeddon Pixxel XF24HD",$178.00,https://tecnogame.ec/page/2/?s=monitor&post_type=product#,2026-06-30 01:52:03
TecnoGame,Ecuador,USD,Monitor,monitor,"Monitor 24″ Fhd, 100Hz, Hdmi, Vga – Rca W2427SG",$149.00,https://tecnogame.ec/page/3/?s=monitor&post_type=product#,2026-06-30 01:52:08
TecnoGame,Ecuador,USD,Monitor,monitor,"Monitor Gamer 25″ Fhd, Ips, 100Hz, 1ms, Adaptive Sync – Asrock CL25FF",$199.00,https://tecnogame.ec/page/3/?s=monitor&post_type=product#,2026-06-30 01:52:08
TecnoGame,Ecuador,USD,Monitor,monitor,"Monitor 27″ Fhd, Ips, Adaptive Sync, 180Hz, 1ms – Gigabyte GS27FA",$249.00,https://tecnogame.ec/page/3/?s=monitor&post_type=product#,2026-06-30 01:52:08
TecnoGame,Ecuador,USD,Monitor,monitor,"Monitor 27″ Fhd, Curvo, Adaptive Sync, 280Hz, 0.5ms – Msi 276CXF",$329.00,https://tecnogame.ec/page/3/?s=monitor&post_type=product#,2026-06-30 01:52:08
TecnoGame,Ecuador,USD,Monitor,monitor,"Monitor 25″ Fhd, Rapid IPS, Adaptive Sync, 0.5ms, 200Hz – Msi 255F E20",$249.00,https://tecnogame.ec/page/3/?s=monitor&post_type=product#,2026-06-30 01:52:08
TecnoGame,Ecuador,USD,Monitor,monitor,"Monitor 24″ Fhd, Curvo, Adaptive Sync, 1ms, 180Hz – Msi Mag 242C",$269.00,https://tecnogame.ec/page/3/?s=monitor&post_type=product#,2026-06-30 01:52:08
TecnoGame,Ecuador,USD,Monitor,monitor,"Monitor 27″ Fhd, Ips, Adaptive Sync, 120hz, 1ms – Asus VA279HG",$279.00 $249.00,https://tecnogame.ec/page/3/?s=monitor&post_type=product#,2026-06-30 01:52:08
TecnoGame,Ecuador,USD,Monitor,monitor,"Monitor 24″ Fhd, Ips, Adaptive Sync, 100hz, 1ms – Asus VZ24EHF",$219.00,https://tecnogame.ec/page/3/?s=monitor&post_type=product#,2026-06-30 01:52:09
TecnoGame,Ecuador,USD,Monitor,monitor,"Monitor 27″ Fhd, Ips, Adaptive Sync – Asus VA27EYE",$249.00,https://tecnogame.ec/page/3/?s=monitor&post_type=product#,2026-06-30 01:52:09
TecnoGame,Ecuador,USD,Monitor,monitor,"Monitor 20″ 1600×900, 75Hz, Hdmi, Vga – Xtratech XTM19",$83.00,https://tecnogame.ec/page/3/?s=monitor&post_type=product#,2026-06-30 01:52:09
TecnoGame,Ecuador,USD,Monitor,monitor,"Monitor 27″ Fhd, Ips, Adaptive Sync, 180Hz, 1ms – Msi G2712F",$289.00,https://tecnogame.ec/page/3/?s=monitor&post_type=product#,2026-06-30 01:52:09
TecnoGame,Ecuador,USD,Monitor,monitor,"Monitor 24″ Corporativo, Fhd, Adaptive Sync, 100hz, 1ms – Msi MP2412",$199.00,https://tecnogame.ec/page/3/?s=monitor&post_type=product#,2026-06-30 01:52:09
TecnoGame,Ecuador,USD,Periferico,teclado,Teclado Mecanico Gamer 80% Sw Rojo – Xtrike Me GK-989,$24.00,https://tecnogame.ec/?s=teclado&post_type=product#,2026-06-30 01:52:16
TecnoGame,Ecuador,USD,Periferico,teclado,Teclado Gamer Usb C/ Cable RGB – Xtrike Me KB-309,$13.00,https://tecnogame.ec/?s=teclado&post_type=product#,2026-06-30 01:52:16
TecnoGame,Ecuador,USD,Periferico,teclado,Teclado Mecanico Gamer 80% Sw Rojo – Xtrike Me GK-997,$27.00,https://tecnogame.ec/?s=teclado&post_type=product#,2026-06-30 01:52:16
TecnoGame,Ecuador,USD,Periferico,teclado,Teclado Mecanico Gamer 60% Rgb – Xtrike Me GK-916,$23.00,https://tecnogame.ec/?s=teclado&post_type=product#,2026-06-30 01:52:16
TecnoGame,Ecuador,USD,Periferico,teclado,Teclado Mecanico Gamer 60% Sw Rojo – Xtrike Me GK-996,$25.00,https://tecnogame.ec/?s=teclado&post_type=product#,2026-06-30 01:52:16
TecnoGame,Ecuador,USD,Periferico,teclado,Teclado Gamer Mecánico Rgb 100% – Genius Scorpion K12,$27.00,https://tecnogame.ec/?s=teclado&post_type=product#,2026-06-30 01:52:16
TecnoGame,Ecuador,USD,Periferico,teclado,Teclado Mecanico 60% Gamer Rgb – Marvo KG933 BK SW RED,$32.00,https://tecnogame.ec/?s=teclado&post_type=product#,2026-06-30 01:52:16
TecnoGame,Ecuador,USD,Periferico,teclado,Teclado Mecanico Gamer Rgb 60% – Primus BALLISTA61T,$42.00,https://tecnogame.ec/?s=teclado&post_type=product#,2026-06-30 01:52:16
TecnoGame,Ecuador,USD,Periferico,teclado,Teclado Estándar Español Multimedia – Quasad QK-440C,$9.00,https://tecnogame.ec/?s=teclado&post_type=product#,2026-06-30 01:52:17
TecnoGame,Ecuador,USD,Periferico,teclado,Teclado Inalámbrico C/ Touchpad – Logitech K400 Plus,$44.00,https://tecnogame.ec/?s=teclado&post_type=product#,2026-06-30 01:52:17
TecnoGame,Ecuador,USD,Periferico,teclado,Teclado Gamer Multimedia Rgb – Marvo K602,$15.00,https://tecnogame.ec/?s=teclado&post_type=product#,2026-06-30 01:52:17
TecnoGame,Ecuador,USD,Periferico,teclado,Teclado Gamer Usb Multimedia – Evil Pc 572EG,$15.00,https://tecnogame.ec/?s=teclado&post_type=product#,2026-06-30 01:52:17
TecnoGame,Ecuador,USD,Periferico,teclado,Teclado Multimedia Usb Cable WH – Genius Slimstar 126,$12.00,https://tecnogame.ec/page/2/?s=teclado&post_type=product#,2026-06-30 01:52:21
TecnoGame,Ecuador,USD,Periferico,teclado,Teclado Gamer Mecanico Rgb 100% – Evil PC KB-772EG,$30.00,https://tecnogame.ec/page/2/?s=teclado&post_type=product#,2026-06-30 01:52:21
TecnoGame,Ecuador,USD,Periferico,teclado,Teclado Mecanico Gamer 80% Rgb – Marvo KG901 Krone 87,$40.00,https://tecnogame.ec/page/2/?s=teclado&post_type=product#,2026-06-30 01:52:21
TecnoGame,Ecuador,USD,Periferico,teclado,Teclado Gamer Mecanico Rgb 100% – Quasad QKM-G80,$29.00,https://tecnogame.ec/page/2/?s=teclado&post_type=product#,2026-06-30 01:52:21
TecnoGame,Ecuador,USD,Periferico,teclado,"Combo Gamer Teclado, Mouse, Audif, Pad – Alcatroz X Craft Basecamp",$24.00,https://tecnogame.ec/page/2/?s=teclado&post_type=product#,2026-06-30 01:52:21
TecnoGame,Ecuador,USD,Periferico,teclado,"Combo Teclado, Mouse, Usb, Inalambrico – Env G10",$12.00,https://tecnogame.ec/page/2/?s=teclado&post_type=product#,2026-06-30 01:52:21
TecnoGame,Ecuador,USD,Periferico,teclado,"Combo Gamer Teclado, Mouse, Audif, Pad – Env 9182 GE08",$21.00,https://tecnogame.ec/page/2/?s=teclado&post_type=product#,2026-06-30 01:52:21
TecnoGame,Ecuador,USD,Periferico,teclado,Combo Mouse + Teclado Gamer – Env 9183 G09,$12.00,https://tecnogame.ec/page/2/?s=teclado&post_type=product#,2026-06-30 01:52:21
TecnoGame,Ecuador,USD,Periferico,teclado,Combo Teclado y Mouse Gamer Usb – Alcatroz XC3000,$15.00,https://tecnogame.ec/page/2/?s=teclado&post_type=product#,2026-06-30 01:52:21
TecnoGame,Ecuador,USD,Periferico,teclado,Combo Teclado Mecanico + Mouse Calidad Rgb – Cougar Combat,$59.00,https://tecnogame.ec/page/2/?s=teclado&post_type=product#,2026-06-30 01:52:21
TecnoGame,Ecuador,USD,Periferico,teclado,Combo Teclado + Mouse Inalámbrico Recargable – Quasad QC-4583,$20.00,https://tecnogame.ec/page/2/?s=teclado&post_type=product#,2026-06-30 01:52:21
TecnoGame,Ecuador,USD,Periferico,teclado,Combo Teclado Y Mouse Usb AntiSalpicaduras – Logitech MK120,$24.00,https://tecnogame.ec/page/2/?s=teclado&post_type=product#,2026-06-30 01:52:21
TecnoGame,Ecuador,USD,Periferico,teclado,Combo Gamer Teclado + Mouse C/ Cable USB – MSI GK100,$26.00,https://tecnogame.ec/page/3/?s=teclado&post_type=product#,2026-06-30 01:52:24
TecnoGame,Ecuador,USD,Periferico,teclado,"Combo Gamer Teclado, Mouse, Audif, Pad – Xrike Me CMX-415 SP",$25.00,https://tecnogame.ec/page/3/?s=teclado&post_type=product#,2026-06-30 01:52:24
TecnoGame,Ecuador,USD,Periferico,teclado,"Combo Gamer Teclado, Mouse, Pad – Marvo CM310",$23.00,https://tecnogame.ec/page/3/?s=teclado&post_type=product#,2026-06-30 01:52:24
TecnoGame,Ecuador,USD,Periferico,mouse,Mouse Gamer P/Pc Rgb – Evil PC MS-225EG,$10.00,https://tecnogame.ec/?s=mouse&post_type=product#,2026-06-30 01:52:34
TecnoGame,Ecuador,USD,Periferico,mouse,Mouse Gamer Alambrico Usb P/Pc RGB – Corsair Katar Pro,$28.00,https://tecnogame.ec/?s=mouse&post_type=product#,2026-06-30 01:52:34
TecnoGame,Ecuador,USD,Periferico,mouse,Mouse Gamer P/Pc Rgb 6 Botones – Genius M-700,$14.00,https://tecnogame.ec/?s=mouse&post_type=product#,2026-06-30 01:52:34
TecnoGame,Ecuador,USD,Periferico,mouse,Mouse Gamer Programable Rgb – Logitech G502 Hero,$55.00,https://tecnogame.ec/?s=mouse&post_type=product#,2026-06-30 01:52:34
TecnoGame,Ecuador,USD,Periferico,mouse,MousePad Gaming Rgb XXL 80x30cm – Xtrike Me MP-606,$15.00,https://tecnogame.ec/?s=mouse&post_type=product#,2026-06-30 01:52:34
TecnoGame,Ecuador,USD,Periferico,mouse,MousePad XXL 70x30cm – Xtrike Me MP-206,$9.00,https://tecnogame.ec/?s=mouse&post_type=product#,2026-06-30 01:52:34
TecnoGame,Ecuador,USD,Periferico,mouse,Mouse Inalambrico Usb Colores – Logitech M170,$14.50,https://tecnogame.ec/?s=mouse&post_type=product#,2026-06-30 01:52:34
TecnoGame,Ecuador,USD,Periferico,mouse,Mouse Inalambrico Usb – Genius NX-7005,$10.00,https://tecnogame.ec/?s=mouse&post_type=product#,2026-06-30 01:52:34
TecnoGame,Ecuador,USD,Periferico,mouse,Mouse C/ Cable Usb – Genius Micro Traveler,$8.50,https://tecnogame.ec/?s=mouse&post_type=product#,2026-06-30 01:52:34
TecnoGame,Ecuador,USD,Periferico,mouse,Mouse Inalambrico Usb Blue – Genius NX-7007,$11.00,https://tecnogame.ec/?s=mouse&post_type=product#,2026-06-30 01:52:34
TecnoGame,Ecuador,USD,Periferico,mouse,MousePad Gaming 30×80 Hub Usb x 4 Rgb – Marvo MG011,$20.00,https://tecnogame.ec/?s=mouse&post_type=product#,2026-06-30 01:52:34
TecnoGame,Ecuador,USD,Periferico,mouse,Mouse Inalambrico Usb – Genius Nx-8008S Bk,$12.00,https://tecnogame.ec/?s=mouse&post_type=product#,2026-06-30 01:52:34
TecnoGame,Ecuador,USD,Periferico,mouse,Mouse Gamer P/Pc Rgb – MSI GM08,$16.00,https://tecnogame.ec/page/2/?s=mouse&post_type=product#,2026-06-30 01:52:37
TecnoGame,Ecuador,USD,Periferico,mouse,Mouse Inalambrico Usb – Microsoft 1850,$15.00,https://tecnogame.ec/page/2/?s=mouse&post_type=product#,2026-06-30 01:52:37
TecnoGame,Ecuador,USD,Periferico,mouse,MousePad Gamer RGB 350x250mm – Marvo MG08,$15.00,https://tecnogame.ec/page/2/?s=mouse&post_type=product#,2026-06-30 01:52:37
TecnoGame,Ecuador,USD,Periferico,mouse,MousePad Gaming Rgb XXL 70x30cm – ENV 9485,$14.00,https://tecnogame.ec/page/2/?s=mouse&post_type=product#,2026-06-30 01:52:37
TecnoGame,Ecuador,USD,Periferico,mouse,Mouse Inalámbrico Gamer Programable – Logitech G305,$48.00,https://tecnogame.ec/page/2/?s=mouse&post_type=product#,2026-06-30 01:52:37
TecnoGame,Ecuador,USD,Periferico,mouse,MousePad Antideslizante – XTech XTA-180,$2.50,https://tecnogame.ec/page/2/?s=mouse&post_type=product#,2026-06-30 01:52:37
TecnoGame,Ecuador,USD,Periferico,mouse,Mouse Gamer Programable Rgb – Logitech Prodigy G203,$25.00,https://tecnogame.ec/page/2/?s=mouse&post_type=product#,2026-06-30 01:52:37
TecnoGame,Ecuador,USD,Periferico,mouse,"Combo Gamer Teclado, Mouse, Audif, Pad – Alcatroz X Craft Basecamp",$24.00,https://tecnogame.ec/page/2/?s=mouse&post_type=product#,2026-06-30 01:52:38
TecnoGame,Ecuador,USD,Periferico,mouse,"Combo Teclado, Mouse, Usb, Inalambrico – Env G10",$12.00,https://tecnogame.ec/page/2/?s=mouse&post_type=product#,2026-06-30 01:52:38
TecnoGame,Ecuador,USD,Periferico,mouse,"Combo Gamer Teclado, Mouse, Audif, Pad – Env 9182 GE08",$21.00,https://tecnogame.ec/page/2/?s=mouse&post_type=product#,2026-06-30 01:52:38
TecnoGame,Ecuador,USD,Periferico,mouse,Combo Mouse + Teclado Gamer – Env 9183 G09,$12.00,https://tecnogame.ec/page/2/?s=mouse&post_type=product#,2026-06-30 01:52:38
TecnoGame,Ecuador,USD,Periferico,mouse,Combo Teclado y Mouse Gamer Usb – Alcatroz XC3000,$15.00,https://tecnogame.ec/page/2/?s=mouse&post_type=product#,2026-06-30 01:52:38
TecnoGame,Ecuador,USD,Periferico,mouse,Combo Teclado Mecanico + Mouse Calidad Rgb – Cougar Combat,$59.00,https://tecnogame.ec/page/3/?s=mouse&post_type=product#,2026-06-30 01:52:41
TecnoGame,Ecuador,USD,Periferico,mouse,Combo Teclado + Mouse Inalámbrico Recargable – Quasad QC-4583,$20.00,https://tecnogame.ec/page/3/?s=mouse&post_type=product#,2026-06-30 01:52:41
TecnoGame,Ecuador,USD,Periferico,mouse,Combo Teclado Y Mouse Usb AntiSalpicaduras – Logitech MK120,$24.00,https://tecnogame.ec/page/3/?s=mouse&post_type=product#,2026-06-30 01:52:41
TecnoGame,Ecuador,USD,Periferico,mouse,Combo Gamer Teclado + Mouse C/ Cable USB – MSI GK100,$26.00,https://tecnogame.ec/page/3/?s=mouse&post_type=product#,2026-06-30 01:52:41
TecnoGame,Ecuador,USD,Periferico,mouse,"Combo Gamer Teclado, Mouse, Audif, Pad – Xrike Me CMX-415 SP",$25.00,https://tecnogame.ec/page/3/?s=mouse&post_type=product#,2026-06-30 01:52:41
TecnoGame,Ecuador,USD,Periferico,mouse,"Combo Gamer Teclado, Mouse, Pad – Marvo CM310",$23.00,https://tecnogame.ec/page/3/?s=mouse&post_type=product#,2026-06-30 01:52:41
TecnoGame,Ecuador,USD,Periferico,audifonos,Audifonos Inalambricos Bluetooth 5.4 Tws – Xiaomi Redmi Buds 6 Play,$20.00,https://tecnogame.ec/?s=audifonos&post_type=product#,2026-06-30 01:52:49
TecnoGame,Ecuador,USD,Periferico,audifonos,"Combo Gamer Teclado, Mouse, Audif, Pad – Alcatroz X Craft Basecamp",$24.00,https://tecnogame.ec/?s=audifonos&post_type=product#,2026-06-30 01:52:49
TecnoGame,Ecuador,USD,Periferico,audifonos,Audifono C/ Mic Earbuds tipo C – Thonet & Vander Klein,$15.00 $13.00,https://tecnogame.ec/?s=audifonos&post_type=product#,2026-06-30 01:52:49
TecnoGame,Ecuador,USD,Periferico,audifonos,Audifono Inalámbrico Bt 5 40H – Jbl TUNE 510BT WH,$55.00,https://tecnogame.ec/?s=audifonos&post_type=product#,2026-06-30 01:52:50
TecnoGame,Ecuador,USD,Periferico,audifonos,Audifono Inalambrico BT5 C/ Estuche – Universal Y90,$11.00,https://tecnogame.ec/?s=audifonos&post_type=product#,2026-06-30 01:52:50
TecnoGame,Ecuador,USD,Periferico,audifonos,Audifono Inalambrico BT 5.3 C/ Estuche – Genius M910BT,$18.00,https://tecnogame.ec/page/2/?s=audifonos&post_type=product#,2026-06-30 01:52:54
TecnoGame,Ecuador,USD,Periferico,audifonos,Audifono Gamer Rgb P/ Pc C/ Mic – Xtrike Me HP-318,$15.00,https://tecnogame.ec/page/2/?s=audifonos&post_type=product#,2026-06-30 01:52:54
TecnoGame,Ecuador,USD,Periferico,audifonos,"Combo Gamer Teclado, Mouse, Audif, Pad – Xrike Me CMX-415 SP",$25.00,https://tecnogame.ec/page/2/?s=audifonos&post_type=product#,2026-06-30 01:52:54
TecnoGame,Ecuador,USD,Periferico,audifonos,Audifono Gamer USB P/ Pc Mic Rgb – Xtrike Me GH-416 516,$20.00,https://tecnogame.ec/page/2/?s=audifonos&post_type=product#,2026-06-30 01:52:54
TecnoGame,Ecuador,USD,Periferico,audifonos,Audifono Gamer USB P/ Pc Mic Rgb – Marvo HG8921,$23.00,https://tecnogame.ec/page/2/?s=audifonos&post_type=product#,2026-06-30 01:52:54
TecnoGame,Ecuador,USD,Periferico,audifonos,Audifono Gamer Inalambrico C/ Mic Usb Bt – Primus ARCUS360BT,$55.00,https://tecnogame.ec/page/2/?s=audifonos&post_type=product#,2026-06-30 01:52:55
TecnoGame,Ecuador,USD,Periferico,audifonos,Audifono Gamer P/ Pc C/ Mic – Logitech G335 MINT,$75.00,https://tecnogame.ec/page/2/?s=audifonos&post_type=product#,2026-06-30 01:52:55
TecnoGame,Ecuador,USD,Periferico,audifonos,Audifono Gamer Inal P/ Pc C/ Mic – Logitech G435,$79.00,https://tecnogame.ec/page/2/?s=audifonos&post_type=product#,2026-06-30 01:52:55
